length 2097152
physical	logical	length	user_data
52224	0	1024	0
49152	1024	3072	0
167936	4096	3072	0
173056	7168	1024	0
176128	8192	1024	0
175104	9216	1024	0
171008	10240	2048	0
121856	12288	32768	0
155648	45056	1024	0
154624	46080	1024	0
156672	47104	11264	0
174080	58368	1024	0
230400	59392	25600	0
177152	84992	1024	0
256000	86016	36864	0
178176	122880	1024	0
292864	123904	55296	0
179200	179200	1024	0
348160	180224	61440	0
180224	241664	1024	0
409600	242688	14336	0
181248	257024	1024	0
423936	258048	23552	0
183296	281600	1024	0
447488	282624	24576	0
184320	307200	1024	0
472064	308224	14336	0
185344	322560	1024	0
486400	323584	26624	0
186368	350208	1024	0
513024	351232	61440	0
187392	412672	1024	0
574464	413696	86016	0
188416	499712	1024	0
660480	500736	80896	0
190464	581632	1024	0
741376	582656	9216	0
751616	591872	12288	0
191488	604160	1024	0
763904	605184	57344	0
192512	662528	1024	0
821248	663552	65536	0
193536	729088	1024	0
886784	730112	57344	0
194560	787456	1024	0
944128	788480	52224	0
196608	840704	1024	0
996352	841728	46080	0
197632	887808	1024	0
1042432	888832	53248	0
198656	942080	1024	0
1095680	943104	32768	0
199680	975872	1024	0
1128448	976896	15360	0
200704	992256	1024	0
1143808	993280	24576	0
201728	1017856	1024	0
1168384	1018880	46080	0
203776	1064960	1024	0
1214464	1065984	29696	0
204800	1095680	1024	0
1244160	1096704	28672	0
205824	1125376	1024	0
1272832	1126400	23552	0
206848	1149952	1024	0
1296384	1150976	24576	0
207872	1175552	1024	0
1320960	1176576	23552	0
208896	1200128	1024	0
1344512	1201152	49152	0
209920	1250304	1024	0
1393664	1251328	52224	0
210944	1303552	1024	0
1445888	1304576	49152	0
212992	1353728	1024	0
1495040	1354752	44032	0
214016	1398784	1024	0
1539072	1399808	31744	0
750592	1431552	1024	0
1570816	1432576	12288	0
215040	1444864	1024	0
1583104	1445888	13312	0
216064	1459200	1024	0
1596416	1460224	34816	0
217088	1495040	1024	0
1631232	1496064	32768	0
218112	1528832	1024	0
1664000	1529856	39936	0
219136	1569792	1024	0
1703936	1570816	57344	0
221184	1628160	1024	0
1761280	1629184	41984	0
222208	1671168	1024	0
1803264	1672192	16384	0
223232	1688576	1024	0
1819648	1689600	32768	0
224256	1722368	1024	0
1852416	1723392	49152	0
225280	1772544	1024	0
1901568	1773568	28672	0
226304	1802240	1024	0
1930240	1803264	35840	0
227328	1839104	1024	0
1966080	1840128	21504	0
228352	1861632	1024	0
1987584	1862656	54272	0
229376	1916928	1024	0
2041856	1917952	48128	0
2091008	1991680	6144	0
2089984	2003968	1024	0
55296	2031616	65536	0
