length 2097152
physical	logical	length	user_data
55296	0	1024	0
49152	1024	1024	0
53248	2048	2048	0
167936	4096	3072	0
173056	7168	1024	0
176128	8192	1024	0
175104	9216	1024	0
171008	10240	2048	0
121856	12288	32768	0
155648	45056	1024	0
154624	46080	1024	0
156672	47104	11264	0
174080	58368	1024	0
672768	59392	10240	0
177152	69632	1024	0
683008	70656	27648	0
178176	98304	1024	0
710656	99328	16384	0
179200	115712	1024	0
727040	116736	34816	0
180224	151552	1024	0
761856	152576	68608	0
181248	221184	1024	0
830464	222208	21504	0
182272	243712	1024	0
851968	244736	56320	0
184320	301056	1024	0
908288	302080	40960	0
185344	343040	1024	0
949248	344064	20480	0
488448	364544	1024	0
969728	365568	33792	0
186368	399360	1024	0
1003520	400384	13312	0
187392	413696	1024	0
1016832	414720	73728	0
188416	488448	1024	0
1090560	489472	26624	0
189440	516096	1024	0
1117184	517120	25600	0
191488	542720	1024	0
1142784	543744	54272	0
192512	598016	1024	0
1197056	599040	21504	0
193536	620544	1024	0
1218560	621568	32768	0
194560	654336	1024	0
1251328	655360	49152	0
195584	704512	1024	0
1300480	705536	16384	0
196608	721920	1024	0
1316864	722944	57344	0
197632	780288	1024	0
1374208	781312	23552	0
199680	804864	1024	0
1397760	805888	44032	0
200704	849920	1024	0
1441792	850944	20480	0
201728	871424	1024	0
1462272	872448	30720	0
202752	903168	1024	0
1492992	904192	61440	0
203776	965632	1024	0
1554432	966656	23552	0
204800	990208	1024	0
1577984	991232	26624	0
205824	1017856	1024	0
1604608	1018880	20480	0
206848	1039360	1024	0
1625088	1040384	68608	0
208896	1108992	1024	0
1693696	1110016	16384	0
209920	1126400	1024	0
1710080	1127424	24576	0
210944	1152000	1024	0
1734656	1153024	12288	0
225280	1573888	3072	0
229376	1576960	12288	0
212992	1589248	1024	0
241664	1590272	54272	0
214016	1644544	1024	0
295936	1645568	24576	0
228352	1670144	1024	0
320512	1671168	12288	0
215040	1683456	1024	0
332800	1684480	45056	0
216064	1729536	1024	0
377856	1730560	35840	0
217088	1766400	1024	0
413696	1767424	30720	0
218112	1798144	1024	0
444416	1799168	44032	0
489472	1843200	18432	0
219136	1861632	1024	0
507904	1862656	36864	0
220160	1899520	1024	0
544768	1900544	44032	0
221184	1944576	1024	0
588800	1945600	36864	0
222208	1982464	1024	0
625664	1983488	36864	0
223232	2020352	1024	0
662528	2021376	10240	0
56320	2031616	64512	0
52224	2096128	1024	0
