length 2097152
physical	logical	length	user_data
52224	0	1024	0
49152	1024	3072	0
167936	4096	3072	0
173056	7168	1024	0
176128	8192	1024	0
175104	9216	1024	0
171008	10240	2048	0
121856	12288	32768	0
155648	45056	1024	0
154624	46080	1024	0
156672	47104	11264	0
174080	58368	1024	0
226304	59392	3072	0
230400	62464	12288	0
177152	74752	1024	0
242688	75776	54272	0
178176	130048	1024	0
296960	131072	24576	0
229376	155648	1024	0
321536	156672	12288	0
179200	168960	1024	0
333824	169984	45056	0
180224	215040	1024	0
378880	216064	35840	0
181248	251904	1024	0
414720	252928	30720	0
183296	283648	1024	0
445440	284672	44032	0
490496	328704	18432	0
184320	347136	1024	0
508928	348160	36864	0
185344	385024	1024	0
545792	386048	44032	0
186368	430080	1024	0
589824	431104	36864	0
187392	467968	1024	0
626688	468992	36864	0
188416	505856	1024	0
663552	506880	35840	0
190464	542720	1024	0
699392	543744	49152	0
191488	592896	1024	0
748544	593920	27648	0
192512	621568	1024	0
776192	622592	16384	0
193536	638976	1024	0
792576	640000	34816	0
194560	674816	1024	0
827392	675840	68608	0
195584	744448	1024	0
896000	745472	21504	0
196608	766976	1024	0
917504	768000	56320	0
198656	824320	1024	0
973824	825344	40960	0
199680	866304	1024	0
1014784	867328	20480	0
489472	887808	1024	0
1035264	888832	33792	0
200704	922624	1024	0
1069056	923648	13312	0
201728	936960	1024	0
1082368	937984	73728	0
202752	1011712	1024	0
1156096	1012736	26624	0
203776	1039360	1024	0
1182720	1040384	25600	0
205824	1065984	1024	0
1208320	1067008	54272	0
206848	1121280	1024	0
1262592	1122304	21504	0
207872	1143808	1024	0
1284096	1144832	32768	0
208896	1177600	1024	0
1316864	1178624	49152	0
209920	1227776	1024	0
1366016	1228800	16384	0
210944	1245184	1024	0
1382400	1246208	57344	0
211968	1303552	1024	0
1439744	1304576	23552	0
214016	1328128	1024	0
1463296	1329152	44032	0
215040	1373184	1024	0
1507328	1374208	20480	0
216064	1394688	1024	0
1527808	1395712	30720	0
217088	1426432	1024	0
1558528	1427456	61440	0
218112	1488896	1024	0
1619968	1489920	23552	0
219136	1513472	1024	0
1643520	1514496	26624	0
220160	1541120	1024	0
1670144	1542144	20480	0
221184	1562624	1024	0
1690624	1563648	68608	0
223232	1632256	1024	0
1759232	1633280	16384	0
224256	1649664	1024	0
1775616	1650688	24576	0
225280	1675264	1024	0
1800192	1676288	12288	0
55296	2031616	65536	0
